5.186325580408948781e+02,5.287500000000000000e+04
5.412455833016636007e+02,5.288800000000000000e+04
5.224425105497299455e+02,5.289600000000000000e+04
5.094530964631508141e+02,5.290900000000000000e+04
4.693837695083410608e+02,5.291700000000000000e+04
5.063198629553932051e+02,5.292700000000000000e+04
5.168903436921084449e+02,5.293700000000000000e+04
4.574666186619996893e+02,5.295800000000000000e+04
5.326091718539162230e+02,5.297300000000000000e+04
5.398282297932521487e+02,5.298700000000000000e+04
5.171772367585788288e+02,5.300800000000000000e+04
5.447638034356793924e+02,5.302100000000000000e+04
5.522601121944811666e+02,5.302900000000000000e+04
5.788178651021485166e+02,5.304200000000000000e+04
5.067931243512541073e+02,5.306200000000000000e+04
4.853534014418466995e+02,5.308400000000000000e+04
4.752765626881798653e+02,5.309200000000000000e+04
4.763758153272236768e+02,5.309700000000000000e+04
4.831317406454380148e+02,5.309800000000000000e+04
4.979310901295815484e+02,5.310600000000000000e+04
5.166564858713951480e+02,5.311900000000000000e+04
5.255033107169166442e+02,5.312100000000000000e+04
5.593351513062000322e+02,5.312600000000000000e+04
5.754167466987819353e+02,5.312700000000000000e+04
5.774445307350148369e+02,5.313300000000000000e+04
5.792278766925693390e+02,5.313400000000000000e+04
5.261571421234320951e+02,5.314100000000000000e+04
5.414833280102117214e+02,5.314700000000000000e+04
5.281972123030419652e+02,5.314800000000000000e+04
4.456643913067012477e+02,5.315600000000000000e+04
4.835786121227109220e+02,5.316100000000000000e+04
4.419343374758998380e+02,5.317000000000000000e+04
4.072268162122435342e+02,5.317600000000000000e+04
3.905800308691113401e+02,5.318300000000000000e+04
5.487151771165176797e+02,5.320200000000000000e+04
6.979358169838942558e+02,5.320900000000000000e+04
6.652707306472573237e+02,5.323600000000000000e+04
6.814915074321658039e+02,5.324500000000000000e+04
6.821860141397531834e+02,5.325200000000000000e+04
6.860614507216588436e+02,5.325300000000000000e+04
6.780536621206243808e+02,5.325800000000000000e+04
7.052081913278452703e+02,5.326500000000000000e+04
6.806483032114177831e+02,5.327300000000000000e+04
4.339400977282780900e+02,5.328000000000000000e+04
4.779367316015425899e+02,5.329500000000000000e+04
4.772070367530328667e+02,5.330200000000000000e+04
4.785185002494270066e+02,5.332100000000000000e+04
4.355421076884221065e+02,5.332200000000000000e+04
4.974253682608275540e+02,5.333300000000000000e+04
4.827456947099174158e+02,5.334900000000000000e+04
4.934750564776782653e+02,5.336100000000000000e+04
5.204055890713641475e+02,5.336400000000000000e+04
4.963892198227346739e+02,5.342800000000000000e+04
4.663065817602348488e+02,5.344900000000000000e+04
4.632147779069243256e+02,5.345000000000000000e+04
4.464559671625173678e+02,5.346200000000000000e+04
4.116560296849412453e+02,5.348300000000000000e+04
4.201435322260572320e+02,5.350300000000000000e+04
4.413747239868077941e+02,5.351800000000000000e+04
4.903137036452145026e+02,5.353700000000000000e+04
4.233952397343023222e+02,5.356000000000000000e+04
4.403563310261365586e+02,5.356600000000000000e+04
4.559228864043076328e+02,5.357700000000000000e+04
4.777000100428016367e+02,5.358900000000000000e+04
4.439269397732189191e+02,5.359800000000000000e+04
4.427811045162279129e+02,5.361300000000000000e+04
4.304742548042365797e+02,5.364200000000000000e+04
4.376002214641698629e+02,5.365200000000000000e+04
4.237048934454983851e+02,5.366200000000000000e+04
4.623633502886789302e+02,5.368800000000000000e+04
3.645343600021572570e+02,5.371300000000000000e+04
3.697466065008989631e+02,5.379500000000000000e+04
3.685660293895232371e+02,5.381100000000000000e+04
4.158078273578321387e+02,5.384000000000000000e+04
3.899580790953930887e+02,5.384800000000000000e+04
3.853527122158690190e+02,5.386000000000000000e+04
4.636170074867080757e+02,5.387000000000000000e+04
4.811320410326016486e+02,5.387300000000000000e+04
4.676796911855573171e+02,5.388100000000000000e+04
4.433068013154874620e+02,5.389300000000000000e+04
4.263663455922606431e+02,5.390300000000000000e+04
5.073055540011837365e+02,5.393400000000000000e+04
3.510949587570395352e+02,5.397400000000000000e+04
4.069491372463243124e+02,5.399800000000000000e+04
4.209464858186751144e+02,5.401500000000000000e+04
4.232796910547660332e+02,5.401700000000000000e+04
4.058821594807940301e+02,5.402900000000000000e+04
4.480308990177309738e+02,5.403100000000000000e+04
4.080849828366503402e+02,5.405100000000000000e+04
4.220448102922581484e+02,5.410500000000000000e+04
4.416347694011432736e+02,5.412000000000000000e+04
4.207245020912378664e+02,5.412800000000000000e+04
4.784974707145854040e+02,5.415700000000000000e+04
6.048041092456815022e+02,5.416600000000000000e+04
6.300614046777754993e+02,5.418100000000000000e+04
5.305796605157644308e+02,5.419100000000000000e+04
4.788843320753400690e+02,5.420400000000000000e+04
4.434626592512709635e+02,5.421000000000000000e+04
3.622279103401851899e+02,5.422000000000000000e+04
2.956825745627084530e+02,5.423300000000000000e+04
2.813427390486356785e+02,5.423900000000000000e+04
2.784546797676092638e+02,5.424500000000000000e+04
2.635548038341867709e+02,5.425500000000000000e+04
2.740521530902918812e+02,5.427200000000000000e+04
2.879592724970046902e+02,5.428000000000000000e+04
3.263626763881034663e+02,5.430100000000000000e+04
3.291840416368833644e+02,5.431000000000000000e+04
3.356940233156227578e+02,5.432000000000000000e+04
3.413157398568377516e+02,5.432800000000000000e+04
3.280150798857295058e+02,5.433900000000000000e+04
3.442572691300159136e+02,5.435200000000000000e+04
3.434824763109577930e+02,5.435800000000000000e+04
3.543358403784728239e+02,5.439400000000000000e+04
3.512663078229102211e+02,5.440800000000000000e+04
3.580499808369363564e+02,5.441500000000000000e+04
3.783945325534435824e+02,5.442900000000000000e+04
3.412453982134520061e+02,5.443300000000000000e+04
3.599142785410132319e+02,5.443400000000000000e+04
3.364900503356552690e+02,5.444600000000000000e+04
3.359905403670252895e+02,5.444700000000000000e+04
3.621700832220848838e+02,5.444800000000000000e+04
3.646009123927443625e+02,5.445500000000000000e+04
3.732264503321508755e+02,5.446400000000000000e+04
4.148707653534949031e+02,5.446700000000000000e+04
4.352536644586057832e+02,5.447200000000000000e+04
4.667645593668017341e+02,5.450500000000000000e+04
3.610310932551658993e+02,5.454500000000000000e+04
3.698217412063579559e+02,5.454600000000000000e+04
3.641814954067304484e+02,5.456200000000000000e+04
3.644164904232533786e+02,5.456800000000000000e+04
3.422937197955553188e+02,5.458100000000000000e+04
3.290035520643904192e+02,5.460100000000000000e+04
3.063175737321462293e+02,5.461900000000000000e+04
3.042358649413567377e+02,5.463500000000000000e+04
3.016363610360400003e+02,5.463900000000000000e+04
2.982174518134136747e+02,5.464100000000000000e+04
2.977340298134157024e+02,5.464300000000000000e+04
2.730133251146970679e+02,5.466500000000000000e+04
2.753620127140462728e+02,5.467400000000000000e+04
2.960336908834108272e+02,5.471300000000000000e+04
2.893217029257295962e+02,5.473000000000000000e+04
2.952894802282590945e+02,5.473400000000000000e+04
2.899806582069866181e+02,5.474100000000000000e+04
